0 -0 0 
-0.0214119 0.0993545 0.0192901 
-0.0479452 0.283197 0.0278993 
-0.0455681 0.352645 0.0408553 
-0.0526627 0.429084 0.0440071 
-0.0511214 0.515891 0.0481285 
-0.0529422 0.578867 0.0568006 
-0.055026 0.640986 0.0680769 
-0.054549 0.699549 0.0748705 
-0.0574192 0.730954 0.0798225 
-0.0690666 0.774897 0.10267 
-0.0711725 0.806283 0.121087 
-0.0785641 0.831272 0.117466 
-0.0939774 0.887215 0.117567 
-0.0869976 0.934027 0.120967 
-0.084959 0.969551 0.117118 
-0.097241 1.03808 0.126298 
-0.0959819 1.12146 0.12859 
-0.101425 1.20158 0.131161 
-0.0821335 1.28495 0.136348 
-0.079562 1.40492 0.128962 
-0.0812984 1.51984 0.122387 
-0.0785455 1.64611 0.135264 
-0.0806947 1.77762 0.142051 
-0.0777937 1.89473 0.135574 
-0.0790976 2.01464 0.15456 
-0.0701702 2.12335 0.173885 
-0.067533 2.19921 0.18444 
-0.0650088 2.25925 0.198615 
-0.0516541 2.31704 0.222042 
-0.0515606 2.36406 0.227759 
-0.0404203 2.4263 0.249984 
-0.0395148 2.49569 0.250444 
-0.0335325 2.56215 0.262857 
-0.0449176 2.62971 0.25215 
-0.0316073 2.71329 0.281191 
-0.0425698 2.78611 0.292236 
-0.0317634 2.85532 0.284032 
-0.0253488 2.92966 0.27997 
-0.0244555 3.02647 0.285346 
-0.0163623 3.12865 0.306832 
0.0027511 3.18518 0.307249 
0.00247189 3.26725 0.316889 
0.00466904 3.34162 0.32422 
0.0127985 3.42049 0.325885 
0.0209751 3.48717 0.345221 
0.0159494 3.55862 0.343572 
0.0218211 3.62798 0.348541 
0.0497782 3.69895 0.355923 
0.0448897 3.7542 0.36162 
0.0270461 3.81317 0.370497 
0.0373413 3.89867 0.374099 
0.0572727 3.98533 0.374897 
0.0634153 4.07235 0.390325 
0.0518145 4.16987 0.394972 
0.044243 4.2763 0.392039 
0.0389544 4.38385 0.409837 
0.048397 4.49252 0.397019 
0.0459949 4.59139 0.425112 
0.0481523 4.66283 0.439827 
0.0527649 4.74764 0.437269 
0.0475265 4.83515 0.439813 
0.0509128 4.92815 0.428777 
0.0617116 5.03189 0.439607 
0.0668637 5.12816 0.444401 
0.0646552 5.23546 0.454075 
0.0596784 5.33736 0.469125 
0.067563 5.44291 0.451248 
0.0716811 5.57784 0.465794 
0.0682817 5.71333 0.475126 
0.103972 5.852 0.500012 
0.0995638 5.98097 0.487145 
0.100983 6.11097 0.496183 
0.0975094 6.20837 0.511096 
0.100778 6.31251 0.514375 
0.106269 6.40911 0.536283 
0.10974 6.48794 0.534611 
0.101574 6.57472 0.540882 
0.0939207 6.65017 0.536492 
0.0906274 6.69994 0.562614 
0.0907075 6.73371 0.567954 
0.0891236 6.76646 0.565606 
0.0809511 6.78771 0.55641 
0.0792864 6.83896 0.552236 
0.082869 6.92401 0.558484 
0.084335 7.00011 0.565489 
0.0953007 7.10204 0.576401 
0.102968 7.18273 0.588418 
0.11015 7.24556 0.591271 
0.114052 7.32306 0.593285 
0.108601 7.38825 0.595745 
0.123105 7.49173 0.594015 
0.135664 7.57895 0.629357 
0.138816 7.65518 0.632217 
0.142815 7.72757 0.644889 
0.138803 7.79643 0.657044 
0.128967 7.85741 0.654877 
0.140792 7.9149 0.661591 
0.147535 7.96344 0.642669 
0.149144 8.00248 0.657516 
0.157395 8.04062 0.657428 
0.168002 8.09151 0.661888 
0.180921 8.14387 0.665058 
0.185428 8.19843 0.675966 
0.209643 8.26135 0.691722 
0.213564 8.33726 0.699068 
0.231219 8.40559 0.695512 
0.236691 8.47435 0.709052 
0.236862 8.53538 0.71956 
0.248487 8.59311 0.7404 
0.275439 8.64332 0.768096 
0.253756 8.6883 0.737958 
0.254226 8.76173 0.726355 
0.25722 8.83538 0.749445 
0.253135 8.91492 0.719638 
0.247552 9.02682 0.716267 
0.271341 9.10366 0.750896 
0.27774 9.13022 0.753631 
0.274207 9.13513 0.770695 
0.290684 9.13494 0.750674 
0.285938 9.15751 0.735554 
0.289557 9.21159 0.729403 
0.303063 9.29686 0.723882 
0.304416 9.37385 0.737946 
0.315915 9.46476 0.758879 
0.316101 9.55742 0.76228 
0.333353 9.62182 0.825728 
0.340752 9.60426 0.865576 
0.332492 9.56424 0.841721 
0.33211 9.55247 0.82583 
0.33399 9.58822 0.812313 
0.341195 9.62263 0.814272 
0.340681 9.66225 0.807728 
0.336401 9.70586 0.802062 
0.325868 9.74799 0.80177 
0.329744 9.81187 0.79803 
0.334441 9.90162 0.803247 
0.339365 10.0084 0.808506 
0.333835 10.1041 0.842634 
0.332821 10.1989 0.813918 
0.346629 10.3051 0.850496 
0.345673 10.4165 0.841764 
0.361665 10.5165 0.846589 
0.368266 10.6503 0.863875 
0.36808 10.8124 0.848386 
0.386986 10.9652 0.866113 
0.388263 11.1322 0.865854 
0.396814 11.3023 0.88037 
0.405181 11.452 0.893123 
0.408962 11.594 0.91229 
0.408537 11.7072 0.935906 
0.404896 11.801 0.925738 
0.41266 11.9096 0.920014 
0.41925 12.0213 0.9321 
0.437722 12.1419 0.927146 
0.431772 12.2622 0.951717 
0.43187 12.3543 0.952178 
0.434789 12.4557 0.976629 
0.451559 12.5373 0.999403 
0.436688 12.6048 1.00311 
0.445239 12.6871 1.00073 
0.449639 12.792 0.994348 
0.455308 12.8949 1.00278 
0.460547 12.992 1.01083 
0.461912 13.1072 1.01609 
0.462912 13.2268 1.03151 
0.456313 13.3363 1.05031 
0.461265 13.4432 1.07612 
0.470689 13.5569 1.05911 
0.466628 13.692 1.07154 
0.476019 13.8131 1.10597 
0.48269 13.9256 1.11946 
0.48018 14.0568 1.10759 
0.476891 14.1933 1.10839 
0.477921 14.3431 1.10815 
0.476953 14.5001 1.13165 
0.4731 14.6292 1.15499 
0.477586 14.768 1.15784 
0.496055 14.9115 1.14995 
0.488824 15.04 1.19617 
0.497731 15.1488 1.208 
0.491697 15.2597 1.20284 
0.490208 15.3763 1.21043 
0.504515 15.5056 1.21604 
0.521838 15.6122 1.23393 
0.518095 15.7243 1.23909 
0.522703 15.8476 1.25055 
0.534741 15.9797 1.27112 
0.546707 16.1048 1.28377 
0.540319 16.2104 1.30387 
0.542616 16.3093 1.32106 
0.556171 16.4246 1.32197 
0.573864 16.5474 1.33151 
0.567539 16.6947 1.31562 
0.583978 16.8576 1.33295 
0.568688 17.0098 1.35 
0.556838 17.176 1.36024 
0.562673 17.3183 1.38094 
0.560367 17.4538 1.40215 
0.544521 17.5209 1.40975 
0.542296 17.5953 1.40426 
0.527791 17.6438 1.4121 
0.536335 17.6677 1.41289 
0.540263 17.6795 1.42428 
0.55154 17.6904 1.42546 
0.547615 17.7031 1.4308 
0.550796 17.7118 1.43876 
0.541739 17.7221 1.42232 
0.563824 17.7652 1.42203 
0.570173 17.835 1.41788 
0.573418 17.9212 1.42188 
0.578228 18.0152 1.44465 
0.582149 18.1274 1.42926 
0.565149 18.2435 1.44356 
0.551518 18.3874 1.45274 
0.556089 18.5405 1.44878 
0.552736 18.6814 1.46711 
0.555968 18.8064 1.46322 
0.554294 18.9475 1.46727 
0.559012 19.0899 1.46554 
0.576179 19.2256 1.50043 
0.594559 19.3432 1.5151 
0.596426 19.4549 1.53779 
0.588939 19.5696 1.53636 
0.601657 19.6664 1.55532 
0.603869 19.7883 1.51692 
0.614108 19.914 1.55782 
0.628582 20.0124 1.57702 
0.63286 20.1243 1.55086 
0.637783 20.2532 1.56258 
0.666715 20.3907 1.57284 
0.697379 20.4767 1.62451 
0.695003 20.5458 1.60616 
0.695711 20.5962 1.66511 
0.693499 20.639 1.63892 
0.690213 20.7182 1.60478 
0.681005 20.8244 1.60425 
0.683771 20.9361 1.60586 
0.680959 21.0489 1.58087 
0.681697 21.1573 1.57946 
0.697828 21.261 1.59691 
0.704507 21.346 1.60965 
0.69932 21.4274 1.5991 
0.700996 21.5279 1.59131 
0.721029 21.6533 1.59893 
0.705889 21.7584 1.60238 
0.708373 21.8836 1.59929 
0.722246 22.0147 1.5829 
0.73209 22.1654 1.5703 
0.739605 22.301 1.59702 
0.761971 22.4133 1.63291 
0.763193 22.519 1.63172 
0.785284 22.6468 1.62565 
0.800032 22.7729 1.66446 
0.816885 22.8817 1.6699 
0.801472 23.0368 1.62539 
0.811375 23.2682 1.57393 
0.81313 23.5452 1.57001 
0.853234 23.8242 1.63325 
0.882903 24.0429 1.6837 
0.882223 24.2435 1.66633 
0.885517 24.4429 1.68065 
0.892783 24.6231 1.7205 
0.89176 24.7913 1.71419 
0.876632 24.9601 1.71263 
0.878197 25.0906 1.72905 
0.881252 25.2139 1.72821 
0.884003 25.33 1.75269 
0.897243 25.3988 1.79375 
0.897112 25.4455 1.79124 
0.899641 25.5078 1.78711 
0.905542 25.5616 1.79866 
0.908166 25.6158 1.79824 
0.9023 25.6785 1.78528 
0.888299 25.7628 1.77598 
0.903081 25.8602 1.77927 
0.921431 25.9674 1.76331 
0.934564 26.0721 1.8112 
0.947721 26.1592 1.81738 
0.956228 26.2376 1.82848 
0.959099 26.3302 1.83904 
0.971198 26.44 1.84364 
1.00637 26.5679 1.82834 
1.01162 26.6697 1.85484 
1.01765 26.7471 1.88468 
1.03016 26.8061 1.90886 
1.03568 26.8524 1.91439 
1.04532 26.9277 1.88461 
1.03608 27.0085 1.87026 
1.04494 27.1017 1.8742 
1.04452 27.1905 1.8751 
1.05329 27.275 1.89259 
1.05656 27.3662 1.88993 
1.05599 27.4755 1.87455 
1.07024 27.5783 1.88614 
1.08225 27.6618 1.90489 
1.08443 27.7303 1.92752 
1.09255 27.8027 1.91 
1.10161 27.8806 1.93715 
1.08416 27.9609 1.90711 
1.09761 28.0408 1.91583 
1.12971 28.0926 1.9566 
1.11935 28.1162 1.95302 
1.12373 28.1496 1.94657 
1.12565 28.1847 1.95155 
1.10809 28.2323 1.92265 
1.10242 28.2876 1.91895 
1.09374 28.3349 1.91649 
1.10099 28.3801 1.91377 
1.09642 28.4263 1.91028 
1.1019 28.48 1.91346 
1.12326 28.5366 1.92584 
1.11089 28.5939 1.90306 
1.10043 28.6706 1.91117 
1.11755 28.7595 1.91449 
1.12256 28.8467 1.92567 
1.13913 28.9323 1.91206 
1.14152 29.0192 1.92931 
1.13254 29.1092 1.93086 
1.14478 29.2036 1.94007 
1.15785 29.3141 1.95389 
1.16187 29.4089 1.95166 
1.16213 29.4975 1.95679 
1.16443 29.5984 1.9378 
1.15273 29.7277 1.91789 
1.17285 29.899 1.9112 
1.19149 30.0519 1.95673 
1.19892 30.1998 1.98363 
1.19723 30.3476 1.9732 
1.2005 30.4685 1.99222 
1.22299 30.5715 2.02342 
1.24991 30.6695 2.05778 
1.24897 30.7522 2.03672 
1.27496 30.8569 2.03229 
1.27466 30.9681 2.02808 
1.28036 31.0652 2.03385 
1.28098 31.1612 2.04013 
1.29527 31.2524 2.03754 
1.28005 31.3405 2.03259 
1.29465 31.4585 2.00345 
1.30376 31.5944 2.01018 
1.29189 31.7365 1.9672 
1.30579 31.9075 1.98985 
1.32074 32.0896 1.98292 
1.35306 32.4819 1.94253 
1.38641 32.7576 1.96746 
1.42289 33.0189 2.01996 
1.4636 33.2597 2.05809 
1.52452 33.4495 2.15737 
1.57643 33.6018 2.19909 
1.58589 33.7647 2.1687 
1.63755 33.9436 2.19585 
1.6591 34.134 2.1963 
1.70009 34.3291 2.19745 
1.73155 34.5215 2.2171 
1.76135 34.7188 2.23814 
1.80387 34.8755 2.28966 
1.84025 34.9897 2.33143 
1.86578 35.0792 2.34057 
1.88117 35.1646 2.34797 
1.91338 35.2397 2.37754 
1.92427 35.3276 2.36341 
1.96111 35.413 2.38202 
1.97651 35.4997 2.39137 
1.99892 35.5869 2.40647 
2.04269 35.6584 2.44673 
2.07851 35.7108 2.4803 
2.09929 35.7611 2.50335 
2.10485 35.805 2.50921 
2.1228 35.858 2.5055 
2.12271 35.9121 2.50318 
2.14895 35.9672 2.54256 
2.14 36.0073 2.53839 
2.15166 36.0496 2.53596 
2.16591 36.1064 2.53782 
2.17397 36.1745 2.53298 
2.20851 36.2511 2.5611 
2.20609 36.3215 2.57506 
2.23075 36.3873 2.56809 
2.27078 36.4645 2.5828 
2.22569 36.5585 2.58318 
2.22038 36.6391 2.59324 
2.23553 36.6766 2.64928 
2.25173 36.6884 2.67914 
2.24773 36.6856 2.65859 
2.24942 36.6845 2.65304 
2.26974 36.6939 2.6376 
2.29244 36.707 2.62699 
2.33748 36.7238 2.62636 
2.38394 36.7429 2.65602 
2.42064 36.7575 2.66768 
2.48413 36.7713 2.70736 
2.55019 36.7854 2.75471 
2.61359 36.8004 2.75289 
2.62136 36.824 2.74894 
2.6039 36.8528 2.76821 
2.55389 36.8818 2.7623 
2.53928 36.9173 2.76481 
2.54228 36.9613 2.76015 
2.53992 37.0003 2.76241 
2.56224 37.0421 2.78426 
2.59267 37.0937 2.78956 
2.61049 37.1577 2.80259 
2.63277 37.2211 2.80755 
2.63915 37.2862 2.81083 
2.65962 37.3442 2.81847 
2.6658 37.3995 2.83059 
2.68473 37.443 2.8445 
2.69807 37.4931 2.85424 
2.72834 37.5355 2.88129 
2.74878 37.5784 2.88468 
2.75804 37.6189 2.88588 
2.76231 37.667 2.88384 
2.79914 37.7136 2.90747 
2.83429 37.7653 2.9158 
2.84278 37.8272 2.89881 
2.86066 37.8931 2.92022 
2.89422 37.9546 2.95179 
2.91666 38.0188 2.96006 
2.93503 38.0948 2.96377 
2.95061 38.1826 2.9489 
2.97348 38.275 2.97171 
3.00188 38.3687 2.99468 
3.03222 38.4831 3.0143 
3.05829 38.6233 3.02047 
3.06287 38.777 3.01093 
3.10359 38.9576 3.01179 
3.1494 39.1412 3.0588 
3.20139 39.3417 3.08326 
3.24208 39.5513 3.1144 
3.26306 39.7398 3.17718 
3.29562 39.9253 3.19466 
3.364 40.1074 3.2642 
3.38694 40.257 3.30338 
3.41381 40.3965 3.36464 
3.42754 40.5442 3.37884 
3.45451 40.696 3.42066 
3.49949 40.8653 3.4311 
3.53144 41.0409 3.45956 
3.56972 41.2302 3.50693 
3.59043 41.4342 3.49386 
3.6271 41.6553 3.52255 
3.69182 41.8803 3.5899 
3.74724 42.1087 3.62464 
3.83058 42.3176 3.71103 
3.89528 42.5118 3.7303 
3.91657 42.7193 3.74724 
3.9736 42.9087 3.78382 
4.00635 43.0811 3.82259 
4.02257 43.2523 3.82915 
4.06905 43.3964 3.88141 
4.09992 43.5381 3.88521 
4.1417 43.7035 3.92129 
4.18769 43.8585 3.98533 
4.18197 44.0055 3.98251 
4.23231 44.1629 4.02516 
4.26709 44.313 4.09405 
4.28986 44.4438 4.1057 
4.31231 44.5578 4.12315 
4.36536 44.664 4.15784 
4.41098 44.7747 4.17915 
4.43528 44.8853 4.20248 
4.456 44.9942 4.19681 
4.48632 45.1062 4.22839 
4.47942 45.2228 4.22726 
4.51042 45.3434 4.24659 
4.55348 45.4534 4.2967 
4.53689 45.5389 4.28077 
4.57328 45.6354 4.28219 
4.6249 45.7214 4.33989 
4.65028 45.8017 4.39716 
4.67021 45.8838 4.38562 
4.6724 45.9712 4.36053 
4.69741 46.0659 4.4014 
4.72304 46.1833 4.41199 
4.7383 46.2932 4.41194 
4.75677 46.4214 4.41479 
4.77036 46.5744 4.3658 
4.85091 46.7222 4.45972 
4.90613 46.8891 4.45029 
4.95252 47.0427 4.50221 
4.95249 47.1846 4.52368 
4.97209 47.329 4.55153 
5.0223 47.4756 4.61727 
5.03792 47.6235 4.63656 
5.09844 47.7763 4.69481 
5.15364 47.9253 4.75594 
5.15973 48.1008 4.7105 
5.19395 48.2942 4.74521 
5.22434 48.5085 4.78524 
5.24388 48.7417 4.78918 
5.28398 48.9928 4.8542 
5.31533 49.2419 4.91557 
5.36059 49.4972 4.94739 
5.39244 49.7296 4.96928 
5.45398 49.9362 5.06514 
5.48979 50.123 5.09962 
5.54318 50.3066 5.14495 
5.6085 50.4858 5.23755 
5.66886 50.6548 5.28921 
5.71825 50.8076 5.30872 
5.77717 50.9584 5.33508 
5.81636 51.0978 5.42891 
5.83482 51.2377 5.49569 
5.87385 51.3563 5.56595 
5.89393 51.4848 5.58096 
5.93053 51.5947 5.63109 
5.96841 51.7216 5.64859 
5.99627 51.8775 5.64682 
5.99834 52.0259 5.67864 
6.01548 52.1792 5.71651 
6.04267 52.3219 5.7353 
6.08351 52.4455 5.7995 
6.09365 52.5653 5.81179 
6.10075 52.7007 5.79723 
6.12172 52.8398 5.78175 
6.13928 52.9627 5.85035 
6.14049 53.0772 5.84622 
6.18156 53.1902 5.89574 
6.18819 53.303 5.89075 
6.21441 53.4337 5.9065 
6.23116 53.5677 5.92905 
6.28856 53.7094 6.00307 
6.33902 53.8747 6.01846 
6.39052 54.0634 6.02794 
6.41371 54.2655 6.10255 
6.4636 54.487 6.14084 
6.5392 54.7204 6.18565 
6.64336 54.9714 6.28616 
6.76874 55.1761 6.38716 
6.88849 55.3504 6.50074 
6.98148 55.5239 6.56894 
6.9793 55.7242 6.55918 
7.04637 55.9107 6.61025 
7.07695 56.0783 6.65891 
7.13635 56.2661 6.69744 
7.21772 56.4396 6.74992 
7.32952 56.5954 6.84935 
7.32311 56.7625 6.84165 
7.42333 56.926 6.91871 
7.49975 57.0556 6.989 
7.52791 57.1704 7.02038 
7.58782 57.2993 7.05714 
7.65379 57.4425 7.12385 
7.68606 57.6088 7.16951 
7.75606 57.766 7.20252 
7.84023 57.9058 7.29518 
7.85587 58.0554 7.32355 
7.88276 58.1952 7.35321 
7.91621 58.3375 7.40645 
7.93735 58.4851 7.41104 
7.97814 58.6246 7.45233 
8.05203 58.7698 7.50393 
8.09154 58.9177 7.57964 
8.12923 59.0698 7.58344 
8.18161 59.2203 7.68384 
8.19399 59.3795 7.6552 
8.28227 59.5257 7.74638 
8.31892 59.6671 7.79366 
8.36946 59.7971 7.86231 
8.39083 59.9021 7.89623 
8.43623 60.0071 7.94498 
8.46571 60.131 7.95249 
8.49866 60.2661 7.99964 
8.64118 60.4167 8.11381 
8.72793 60.5888 8.19083 
8.8749 60.7411 8.33944 
8.96002 60.8762 8.41934 
8.94308 61.0122 8.41142 
9.00265 61.1297 8.50985 
9.09544 61.3708 8.60955 
9.1153 61.5214 8.56963 
9.13741 61.6206 8.6173 
9.12965 61.7127 8.63172 
9.18046 61.7738 8.69197 
9.27486 61.8269 8.77516 
9.22321 61.9066 8.73747 
9.21335 62.0319 8.77091 
9.24975 62.1726 8.79363 
9.37539 62.2946 8.93625 
9.37393 62.4089 8.91596 
9.34878 62.5351 8.8687 
9.36235 62.6699 8.90076 
9.44345 62.7929 8.97212 
9.51917 62.9366 9.0682 
9.66379 63.0668 9.19701 
9.75241 63.2024 9.27158 
9.74179 63.3134 9.29834 
9.78716 63.406 9.35423 
9.86592 63.5261 9.43594 
9.9416 63.6334 9.51701 
9.88487 63.7087 9.49449 
9.89657 63.7946 9.52715 
9.98332 63.9145 9.55596 
10.0372 64.05 9.62718 
10.0734 64.2382 9.64467 
10.1424 64.4469 9.69711 
10.2778 64.6696 9.82758 
10.407 64.9107 9.95745 
10.3904 65.1608 9.95704 
10.6362 65.3874 10.2015 
10.6667 65.613 10.2295 
10.8049 65.8197 10.3986 
10.847 66.0145 10.4506 
10.9609 66.1883 10.52 
10.9647 66.3232 10.6059 
11.0114 66.4567 10.6273 
11.0499 66.6159 10.6496 
11.1626 66.7709 10.7806 
11.3622 66.9189 10.9848 
11.4338 67.0963 11.0652 
11.5302 67.3069 11.1696 
11.7056 67.5198 11.3665 
11.8771 67.7328 11.5335 
11.9494 67.9583 11.6125 
12.0149 68.1978 11.6711 
12.2256 68.4225 11.885 
12.5632 68.6354 12.2345 
12.611 68.8222 12.3107 
12.8049 69.0068 12.4817 
12.957 69.2043 12.636 
13.0996 69.4081 12.7991 
13.2801 69.6011 12.9482 
13.4055 69.7799 13.0997 
13.5449 69.9517 13.2545 
13.722 70.1037 13.4259 
13.8929 70.2278 13.5982 
14.0926 70.338 13.812 
14.1616 70.475 13.8817 
14.29 70.6319 13.9981 
14.4609 70.8076 14.1681 
14.5919 71.0156 14.3232 
14.7479 71.2397 14.539 
14.9195 71.4746 14.7261 
15.176 71.7392 14.9996 
15.4094 71.9873 15.2278 
15.755 72.1801 15.5971 
16.05 72.3882 15.8607 
16.1094 72.5315 15.9559 
16.1839 72.6929 16.0254 
16.2884 72.8525 16.1141 
16.5565 72.9766 16.4048 
16.6606 73.1121 16.5108 
16.8635 73.2265 16.7215 
17.0085 73.3375 16.857 
17.0774 73.4986 16.9141 
17.269 73.6515 17.1255 
17.5254 73.8031 17.3772 
17.8032 73.9767 17.6611 
17.9792 74.1485 17.8435 
18.2114 74.3113 18.0592 
18.4659 74.4315 18.3669 
18.5634 74.5652 18.3876 
18.8113 74.6677 18.7029 
18.9502 74.794 18.82 
19.0787 74.9217 18.9492 
19.2922 75.0681 19.1693 
19.5609 75.2419 19.4678 
19.7361 75.4422 19.602 
20.0616 75.6581 19.9559 
20.316 75.8179 20.1953 
20.6855 75.9887 20.5967 
21.0631 76.1755 20.9954 
21.2567 76.3575 21.1767 
21.5052 76.5024 21.4409 
21.62 76.643 21.5583 
21.9893 76.743 21.9608 
22.1158 76.851 22.0749 
22.276 77.0054 22.1509 
22.5489 77.1383 22.5 
22.7996 77.296 22.7417 
22.9776 77.4959 22.869 
23.356 77.6972 23.2591 
23.7362 77.9134 23.6287 
24.1064 78.1103 23.9522 
24.4598 78.2868 24.343 
24.8508 78.4465 24.7573 
25.2201 78.6049 25.0953 
25.696 78.7781 25.5722 
25.9173 78.9452 25.7516 
26.3669 79.0931 26.2083 
26.8263 79.2921 26.6319 
27.1675 79.5303 26.9703 
27.9979 79.7674 27.8069 
28.8303 80.0031 28.6466 
29.8887 80.2173 29.7414 
30.783 80.4427 30.6387 
31.5923 80.6417 31.5122 
32.3521 80.7859 32.2778 
33.0309 80.9692 32.9809 
33.7006 81.1614 33.6254 
34.4603 81.3426 34.3996 
35.4351 81.5592 35.3709 
36.389 81.7782 36.314 
37.6614 82.0016 37.5906 
38.694 82.2416 38.6077 
40.2336 82.49 40.1259 
41.9832 82.7111 41.8902 
43.6493 82.9153 43.5454 
45.3038 83.1217 45.2194 
46.7902 83.2959 46.709 
48.2068 83.4486 48.1254 
49.4027 83.5826 49.3314 
50.4862 83.6991 50.4104 
51.6768 83.7952 51.5878 
52.9226 83.8688 52.8698 
54.0792 83.9877 54.0052 
55.6029 84.1147 55.527 
57.1459 84.2447 57.0738 
58.8463 84.3683 58.7273 
60.9717 84.4818 60.8778 
63.0754 84.5877 62.9934 
65.4743 84.7059 65.3489 
68.3592 84.8073 68.2598 
71.0797 84.9259 70.9528 
74.1937 84.9628 74.0951 
76.3209 85.0186 76.2489 
77.9247 85.0332 77.8789 
79.0162 85.0631 78.951 
80.6214 85.1255 80.5306 
82.257 85.126 82.1867 
83.8197 85.1511 83.736 
85.8038 85.1699 85.7027 
88.3394 85.1804 88.248 
91.4719 85.1607 91.3505 
94.3265 85.1762 94.1779 
96.8295 85.1312 96.6984 
99.1178 85.101 98.9966 
101.113 85.0991 100.99 
103.342 85.081 103.214 
105.269 85.0544 105.156 
106.925 84.9839 106.832 
108.439 84.9474 108.341 
110.372 84.9273 110.241 
111.842 84.8578 111.722 
113.099 84.779 112.965 
114.43 84.7244 114.294 
115.761 84.6732 115.632 
117.179 84.6049 117.066 
118.822 84.522 118.717 
120.451 84.4485 120.357 
121.754 84.3834 121.637 
122.816 84.2817 122.752 
124.367 84.2194 124.286 
125.675 84.1404 125.611 
126.931 84.0435 126.868 
128.408 83.9575 128.356 
129.956 83.872 129.89 
131.103 83.7472 131.052 
132.034 83.6377 132.014 
132.81 83.5436 132.806 
133.561 83.4743 133.575 
134.394 83.4221 134.397 
135.1 83.3114 135.119 
136.182 83.2259 136.185 
136.774 83.1099 136.786 
137.855 83.0093 137.867 
138.846 82.8977 138.859 
139.689 82.7895 139.708 
140.488 82.6755 140.491 
140.898 82.5525 140.933 
141.726 82.4689 141.745 
142.183 82.3644 142.24 
142.796 82.3062 142.83 
143.232 82.217 143.251 
143.576 82.0932 143.649 
144.229 81.9885 144.276 
144.993 81.8855 145.018 
145.4 81.7598 145.442 
145.95 81.655 145.977 
146.132 81.5366 146.198 
146.79 81.4592 146.824 
146.969 81.3464 147.05 
147.499 81.2664 147.592 
148.049 81.1696 148.113 
148.294 81.0311 148.372 
148.94 80.9064 149.01 
149.341 80.7699 149.405 
149.718 80.6336 149.832 
150.246 80.5192 150.347 
150.629 80.4116 150.738 
151.059 80.2954 151.172 
151.616 80.1739 151.689 
151.677 80.0452 151.771 
152.185 79.9626 152.265 
152.477 79.8761 152.539 
152.725 79.7826 152.806 
152.996 79.678 153.081 
153.212 79.5736 153.313 
153.63 79.4656 153.711 
154.057 79.3411 154.134 
154.355 79.193 154.442 
154.715 79.0448 154.78 
155.178 78.898 155.207 
155.757 78.7215 155.811 
156.375 78.5259 156.418 
156.87 78.3006 156.898 
157.62 77.8261 157.676 
158.193 77.5747 158.214 
158.678 77.3457 158.697 
159.185 77.1532 159.178 
159.466 76.955 159.481 
159.767 76.7438 159.803 
160.053 76.5142 160.056 
160.307 76.3116 160.317 
160.502 76.1522 160.521 
160.524 75.9892 160.563 
160.755 75.8573 160.757 
160.935 75.7355 160.933 
160.994 75.594 161.015 
161.176 75.45 161.172 
161.485 75.3107 161.457 
161.65 75.1374 161.647 
161.877 74.9675 161.865 
162.073 74.7771 162.056 
162.264 74.5734 162.278 
162.567 74.3867 162.586 
162.728 74.2101 162.747 
162.931 74.0264 162.957 
163.133 73.8694 163.163 
163.337 73.697 163.365 
163.574 73.5025 163.64 
163.794 73.2866 163.838 
164.004 73.0446 164.063 
164.214 72.7917 164.26 
164.435 72.5457 164.476 
164.61 72.2869 164.653 
164.761 72.0704 164.817 
164.975 71.8454 165.041 
165.234 71.6023 165.304 
165.288 71.3446 165.378 
165.455 71.0954 165.529 
165.739 70.8371 165.792 
165.952 70.5843 166 
166.116 70.343 166.164 
166.323 70.101 166.354 
166.5 69.8657 166.516 
166.711 69.6281 166.726 
166.923 69.3667 166.945 
167.036 69.1274 167.04 
167.209 68.9247 167.233 
167.37 68.7353 167.369 
167.549 68.518 167.563 
167.644 68.2801 167.676 
167.694 68.0892 167.715 
167.818 67.9041 167.833 
167.848 67.7457 167.859 
167.924 67.6034 167.917 
168.056 67.4616 168.068 
168.092 67.3076 168.087 
168.214 67.1366 168.188 
168.341 66.9491 168.305 
168.456 66.7421 168.427 
168.584 66.5316 168.558 
168.704 66.3343 168.673 
168.87 66.0847 168.859 
168.977 65.7891 168.988 
169.094 65.4935 169.12 
169.281 65.2106 169.282 
169.42 64.8977 169.45 
169.567 64.5787 169.615 
169.673 64.2677 169.743 
169.793 63.9584 169.88 
169.937 63.6708 170.033 
169.998 63.4275 170.11 
169.996 63.2199 170.129 
170.056 63.042 170.182 
170.131 62.8995 170.253 
170.194 62.7628 170.327 
170.221 62.6303 170.35 
170.307 62.4768 170.429 
170.347 62.3244 170.496 
170.447 62.1539 170.59 
170.53 61.9409 170.663 
170.598 61.7057 170.738 
170.513 61.5066 170.674 
170.539 61.3588 170.701 
170.603 61.1924 170.775 
170.679 60.9931 170.853 
170.778 60.787 170.948 
170.877 60.5559 171.082 
170.943 60.313 171.159 
171.011 60.079 171.239 
171.029 59.8373 171.266 
171.01 59.6514 171.259 
171.013 59.5175 171.256 
171.033 59.4067 171.289 
171.004 59.3114 171.246 
171.085 59.2168 171.315 
171.081 59.1052 171.307 
171.166 59.0261 171.375 
171.131 58.9182 171.352 
171.177 58.7742 171.398 
171.257 58.6249 171.492 
171.267 58.4608 171.525 
171.283 58.3115 171.547 
171.346 58.1887 171.615 
171.34 58.0566 171.611 
171.385 57.9216 171.647 
171.385 57.7875 171.653 
171.463 57.6389 171.726 
171.499 57.4606 171.764 
171.493 57.2659 171.751 
171.504 57.0903 171.745 
171.558 56.9004 171.811 
171.492 56.6895 171.765 
171.508 56.5109 171.786 
171.599 56.3354 171.868 
171.49 56.1762 171.769 
171.567 56.0433 171.815 
171.592 55.8943 171.835 
171.597 55.7592 171.823 
171.605 55.6018 171.818 
171.646 55.4475 171.856 
171.684 55.287 171.858 
171.716 55.1256 171.899 
171.75 54.9755 171.932 
171.758 54.8304 171.938 
171.77 54.6689 171.952 
171.803 54.5067 171.983 
171.856 54.368 172.003 
171.869 54.2321 172.055 
171.91 54.0954 172.088 
172.019 53.9709 172.204 
172.067 53.8321 172.265 
172.023 53.7038 172.246 
172.041 53.5942 172.258 
171.994 53.4928 172.198 
172.036 53.396 172.238 
172.135 53.2875 172.326 
172.121 53.1395 172.33 
172.154 52.9962 172.364 
172.242 52.875 172.432 
172.233 52.7488 172.425 
172.222 52.641 172.426 
172.236 52.5408 172.439 
172.27 52.4369 172.448 
172.311 52.3209 172.488 
172.361 52.185 172.521 
172.406 52.0586 172.55 
172.376 51.9284 172.544 
172.378 51.8043 172.558 
172.422 51.6834 172.581 
172.422 51.5755 172.591 
172.458 51.4759 172.618 
172.477 51.3609 172.643 
172.516 51.2353 172.691 
172.575 51.1085 172.744 
172.664 50.9352 172.82 
172.691 50.7608 172.872 
172.771 50.5787 172.974 
172.774 50.3489 172.983 
172.78 50.1157 173.019 
172.9 49.9035 173.13 
172.914 49.6804 173.162 
172.945 49.4508 173.196 
172.917 49.2666 173.167 
172.932 49.1003 173.152 
172.961 48.9507 173.175 
172.983 48.8028 173.199 
173.013 48.6877 173.231 
173.026 48.5616 173.255 
173.069 48.4436 173.312 
173.11 48.3247 173.349 
173.124 48.2176 173.386 
173.158 48.0802 173.438 
173.191 47.9484 173.476 
173.264 47.7964 173.557 
173.23 47.628 173.564 
173.286 47.4666 173.613 
173.341 47.2793 173.67 
173.404 47.0893 173.74 
173.448 46.9021 173.78 
173.505 46.7031 173.849 
173.554 46.5337 173.887 
173.536 46.3556 173.874 
173.579 46.1517 173.896 
173.598 45.9358 173.921 
173.669 45.6904 173.993 
173.664 45.4399 173.988 
173.789 45.2214 174.061 
173.853 44.9556 174.141 
173.87 44.7066 174.158 
173.925 44.4795 174.219 
173.946 44.1879 174.265 
173.873 43.8843 174.147 
173.935 43.6761 174.201 
173.956 43.5106 174.206 
173.989 43.3473 174.218 
174.012 43.2203 174.242 
174.012 43.0953 174.205 
174.024 43.0311 174.211 
174.069 42.9638 174.232 
174.056 42.892 174.235 
174.172 42.8061 174.331 
174.208 42.7221 174.376 
174.154 42.6093 174.333 
174.237 42.4981 174.383 
174.265 42.3892 174.375 
174.267 42.2697 174.369 
174.33 42.1176 174.435 
174.371 41.9878 174.442 
174.343 41.843 174.407 
174.391 41.6954 174.429 
174.441 41.5538 174.445 
174.416 41.4304 174.45 
174.427 41.2775 174.447 
174.517 41.1187 174.551 
174.54 40.9318 174.543 
174.6 40.7346 174.617 
174.594 40.5532 174.628 
174.621 40.3788 174.621 
174.688 40.2241 174.686 
174.689 40.0578 174.69 
174.749 39.863 174.752 
174.752 39.7069 174.77 
174.743 39.5387 174.781 
174.772 39.3797 174.775 
174.753 39.2361 174.757 
174.767 39.0568 174.78 
174.744 38.8853 174.788 
174.743 38.6759 174.819 
174.743 38.492 174.813 
174.737 38.2812 174.829 
174.712 38.0921 174.818 
174.732 37.9228 174.82 
174.725 37.7746 174.834 
174.71 37.603 174.839 
174.688 37.4538 174.803 
174.689 37.161 174.827 
174.733 37.0133 174.842 
174.734 36.8685 174.842 
174.744 36.7465 174.832 
174.737 36.6067 174.821 
174.724 36.4617 174.79 
174.702 36.2909 174.799 
174.698 36.1296 174.788 
174.68 35.9709 174.744 
174.654 35.8279 174.788 
174.638 35.7257 174.795 
174.601 35.6351 174.776 
174.601 35.5376 174.805 
174.593 35.4397 174.853 
174.606 35.3236 174.904 
174.626 35.1898 174.918 
174.614 35.0503 174.958 
174.648 34.8843 174.991 
174.644 34.7304 175.002 
174.667 34.5492 175.07 
174.641 34.3458 175.085 
174.653 34.1309 175.117 
174.623 33.9544 175.064 
174.611 33.774 175.057 
174.572 33.5721 175.032 
174.491 33.3369 174.897 
174.494 33.1514 174.933 
174.559 32.9465 174.972 
174.514 32.7162 174.948 
174.498 32.5605 174.92 
174.507 32.3894 174.935 
174.511 32.1993 174.911 
174.499 32.033 174.91 
174.506 31.8984 174.95 
174.508 31.7236 174.971 
174.522 31.5041 175.015 
174.478 31.298 175.006 
174.502 31.1195 174.995 
174.502 30.9519 175.02 
174.504 30.7714 174.997 
174.531 30.6261 175.047 
174.593 30.4697 175.092 
174.529 30.2839 174.948 
174.521 30.1109 175.024 
174.581 29.9034 175.112 
174.589 29.7105 175.11 
174.556 29.5171 175.087 
174.569 29.3278 175.122 
174.539 29.2171 175.114 
174.535 29.0921 175.102 
174.515 28.9138 175.106 
174.491 28.6364 175.047 
174.503 28.3561 175.109 
174.558 28.0589 175.23 
174.569 27.7105 175.306 
174.546 27.428 175.302 
174.539 27.0963 175.332 
174.538 26.7802 175.372 
174.571 26.5694 175.398 
174.602 26.3666 175.446 
174.612 26.1723 175.537 
174.616 26.0123 175.534 
174.572 25.864 175.511 
174.595 25.7403 175.579 
174.561 25.5991 175.519 
174.531 25.3962 175.551 
174.548 25.2288 175.573 
174.52 25.0355 175.554 
174.535 24.7902 175.61 
174.547 24.588 175.583 
174.539 24.3948 175.583 
174.526 24.2449 175.519 
174.549 24.072 175.681 
174.567 23.9484 175.693 
174.535 23.8081 175.688 
174.543 23.6964 175.651 
174.537 23.5508 175.706 
174.521 23.303 175.797 
174.521 22.9482 175.806 
174.552 22.5797 175.919 
174.523 22.1149 175.885 
174.544 21.738 175.963 
174.544 21.4088 176.011 
174.519 21.1287 175.927 
174.534 20.9416 175.97 
174.535 20.74 175.954 
174.524 20.5064 176.028 
174.486 20.1588 176.097 
174.512 19.7339 176.186 
174.524 19.2669 176.213 
174.484 18.7787 176.215 
174.465 18.2196 176.358 
174.476 17.6797 176.395 
174.499 17.2506 176.321 
174.522 16.9615 176.297 
174.471 16.7704 176.199 
174.536 16.6121 176.269 
174.546 16.4838 176.267 
174.55 16.3501 176.276 
174.55 16.2313 176.275 
174.505 16.0798 176.302 
174.535 15.8956 176.352 
174.552 15.704 176.346 
174.543 15.5225 176.368 
174.537 15.2592 176.375 
174.551 15.004 176.385 
174.551 14.781 176.38 
174.499 14.5412 176.367 
174.477 14.2921 176.415 
174.49 14.0047 176.431 
174.485 13.7115 176.475 
174.511 13.3553 176.556 
174.504 12.8687 176.605 
174.503 12.4482 176.503 
174.543 12.0256 176.54 
174.51 11.6343 176.453 
174.518 11.3501 176.416 
174.485 11.0559 176.357 
174.489 10.8122 176.314 
174.502 10.6008 176.324 
174.514 10.3798 176.289 
174.485 10.1437 176.279 
174.46 9.89592 176.244 
174.473 9.60595 176.35 
174.443 9.23442 176.326 
174.464 8.8669 176.298 
174.486 8.42231 176.321 
174.504 7.91299 176.351 
174.532 7.39727 176.357 
174.527 6.79316 176.456 
174.506 6.1836 176.379 
174.491 5.66405 176.32 
174.518 5.22064 176.276 
174.545 4.9261 176.184 
174.548 4.70073 176.126 
174.577 4.53903 176.111 
174.561 4.47349 176.062 
174.564 4.41792 176.038 
174.581 4.3727 176.066 
174.551 4.32457 176.044 
174.509 4.27875 176.035 
174.552 4.20984 176.052 
174.595 4.10589 176.11 
174.579 3.94612 176.091 
174.598 3.75444 176.137 
174.588 3.55386 176.12 
174.591 3.39255 176.089 
174.599 3.16067 176.168 
174.6 2.8623 176.161 
174.597 2.60253 176.122 
174.588 2.35045 176.18 
174.551 2.08504 176.142 
174.593 1.8379 176.176 
174.552 1.5085 176.274 
174.549 1.12535 176.314 
174.573 0.781305 176.309 
174.572 0.400266 176.345 
174.561 -0.0612683 176.397 
174.544 -0.61948 176.443 
174.526 -1.03448 176.458 
174.501 -1.51044 176.527 
174.5 -1.89488 176.504 
174.455 -2.28322 176.532 
174.496 -2.65825 176.585 
174.397 -3.05102 176.65 
174.369 -3.404 176.676 
174.355 -3.80599 176.686 
174.359 -4.09887 176.633 
174.349 -4.36915 176.662 
174.314 -4.61778 176.638 
174.401 -4.82027 176.635 
174.348 -5.04025 176.687 
174.399 -5.26053 176.69 
174.356 -5.5149 176.714 
174.357 -5.81464 176.761 
174.386 -6.12392 176.865 
174.425 -6.44395 176.808 
174.435 -6.77888 176.814 
174.425 -7.14056 176.854 
174.427 -7.45654 176.862 
174.388 -7.76839 176.857 
174.384 -8.0269 176.872 
174.384 -8.27863 176.895 
174.373 -8.56386 176.946 
174.315 -8.88611 177.019 
174.289 -9.26886 177.119 
174.304 -9.6561 177.082 
174.263 -10.0366 177.08 
174.223 -10.433 177.187 
174.15 -10.8239 177.241 
174.17 -11.172 177.252 
174.216 -11.5549 177.201 
174.176 -11.9459 177.318 
174.131 -12.2109 177.273 
174.097 -12.4791 177.373 
174.14 -12.6646 177.271 
174.148 -12.7993 177.27 
174.077 -12.9626 177.283 
174.151 -13.0892 177.247 
174.06 -13.3061 177.337 
174.035 -13.4701 177.36 
174.063 -13.6483 177.347 
173.995 -13.8087 177.385 
174.05 -13.9897 177.415 
173.989 -14.1533 177.375 
174.059 -14.3431 177.347 
173.995 -14.5587 177.406 
173.98 -14.8007 177.471 
173.991 -14.9763 177.48 
173.99 -15.1894 177.486 
173.914 -15.3468 177.51 
173.89 -15.4964 177.527 
173.893 -15.6509 177.548 
173.876 -15.8434 177.573 
173.885 -16.0041 177.566 
173.863 -16.1806 177.595 
173.935 -16.3281 177.582 
173.957 -16.4475 177.523 
173.883 -16.5969 177.565 
173.855 -16.9 177.694 
173.87 -17.0985 177.709 
173.855 -17.2837 177.682 
173.839 -17.4609 177.736 
173.864 -17.6909 177.773 
173.896 -17.9374 177.807 
173.909 -18.2257 177.848 
173.912 -18.4865 177.797 
173.889 -18.7631 177.83 
173.921 -18.9283 177.792 
173.907 -19.1073 177.882 
173.889 -19.2884 177.857 
173.985 -19.3765 177.856 
173.948 -19.5806 177.878 
173.947 -19.7217 177.88 
173.932 -19.8468 177.891 
173.941 -19.9278 177.885 
173.923 -20.0725 177.885 
173.956 -20.1465 177.893 
173.944 -20.3038 177.931 
173.922 -20.4186 177.936 
173.996 -20.5842 177.94 
173.983 -20.7686 177.924 
173.984 -20.8539 177.954 
174.004 -20.944 177.904 
173.993 -21.0021 177.948 
174.002 -21.0699 177.924 
174.014 -21.133 177.908 
174.025 -21.1941 177.849 
174.026 -21.1903 177.874 
174.013 -21.2559 177.916 
173.982 -21.4516 177.959 
173.951 -21.6385 178.008 
173.865 -21.9195 178.139 
173.885 -22.1996 178.11 
173.874 -22.4944 178.084 
173.795 -22.7407 178.107 
173.719 -22.8941 178.098 
173.77 -23.0242 178.069 
173.746 -23.1949 178.112 
173.71 -23.3566 178.112 
173.744 -23.4459 178.048 
173.758 -23.5037 178.024 
173.723 -23.5367 178.029 
173.77 -23.6171 178.058 
173.761 -23.674 178.031 
173.804 -23.7116 178.013 
173.773 -23.745 178.021 
173.803 -23.8275 178.035 
173.765 -24.0436 178.116 
173.728 -24.3053 178.117 
173.775 -24.506 178.057 
173.752 -24.6198 178.024 
173.782 -24.6792 177.949 
173.72 -24.6808 177.946 
173.701 -24.8001 178.042 
173.649 -24.9614 178.076 
173.647 -25.1263 178.051 
173.611 -25.3185 178.156 
173.679 -25.5553 178.138 
173.689 -25.7897 178.176 
173.712 -26.0309 178.211 
173.757 -26.3421 178.199 
173.762 -26.6393 178.215 
173.745 -26.9605 178.26 
173.732 -27.2682 178.265 
173.762 -27.5471 178.237 
173.731 -27.8072 178.26 
173.693 -28.0645 178.28 
173.696 -28.2773 178.245 
173.716 -28.4336 178.241 
173.682 -28.6285 178.254 
173.736 -28.7753 178.187 
173.756 -28.8815 178.201 
173.789 -28.9747 178.215 
173.798 -29.0635 178.181 
173.773 -29.1399 178.164 
173.788 -29.2303 178.161 
173.782 -29.3355 178.184 
173.792 -29.4838 178.198 
173.811 -29.6125 178.152 
173.785 -29.782 178.214 
173.783 -30.0219 178.237 
173.747 -30.3059 178.32 
173.787 -30.6349 178.25 
173.806 -30.8891 178.221 
173.804 -31.1181 178.236 
173.782 -31.2658 178.174 
173.815 -31.3929 178.189 
173.816 -31.5265 178.181 
173.828 -31.634 178.161 
173.805 -31.7446 178.193 
173.843 -31.849 178.197 
173.845 -31.9986 178.227 
173.861 -32.1754 178.225 
173.823 -32.3529 178.272 
173.829 -32.6285 178.285 
173.835 -32.8184 178.302 
173.824 -32.9953 178.315 
173.851 -33.1267 178.341 
173.893 -33.2574 178.35 
173.858 -33.4012 178.353 
173.91 -33.5186 178.309 
173.906 -33.6071 178.343 
173.88 -33.6892 178.355 
173.865 -33.8129 178.385 
173.823 -33.9864 178.407 
173.819 -34.1059 178.399 
173.798 -34.2779 178.456 
173.808 -34.433 178.418 
173.827 -34.6092 178.439 
173.79 -34.7901 178.442 
173.817 -34.9129 178.433 
173.782 -35.0314 178.458 
173.813 -35.1295 178.416 
173.839 -35.2897 178.44 
173.838 -35.3793 178.48 
173.803 -35.5113 178.511 
173.795 -35.6731 178.526 
173.793 -35.7539 178.496 
173.797 -35.854 178.518 
173.754 -35.9549 178.525 
173.764 -36.0201 178.515 
173.77 -36.1076 178.506 
173.776 -36.1743 178.53 
173.767 -36.2623 178.511 
173.78 -36.3003 178.466 
173.749 -36.3395 178.5 
173.747 -36.4014 178.524 
173.715 -36.5024 178.541 
173.715 -36.6071 178.606 
173.693 -36.7012 178.564 
173.69 -36.7957 178.573 
173.7 -36.8324 178.552 
173.665 -36.8842 178.575 
173.69 -36.9371 178.567 
173.656 -36.9497 178.602 
173.695 -37.0281 178.663 
173.671 -37.081 178.659 
173.675 -37.1355 178.676 
173.647 -37.2167 178.669 
173.674 -37.3449 178.684 
173.631 -37.4501 178.709 
173.595 -37.5898 178.736 
173.508 -37.7133 178.774 
173.469 -37.8801 178.779 
173.445 -38.0406 178.752 
173.366 -38.2918 178.819 
173.291 -38.5656 178.906 
173.248 -38.818 178.917 
173.262 -39.093 178.97 
173.285 -39.4016 178.97 
